304
304
305
305
305
304
304
306
304
304
304
304
305
304
305
304
304
304
304
304
304
304
305
304
304
304
306
304
305
305
304
304
304
304
305
304
305
304
304
304
304
304
304
304
304
304
304
304
304
304
304
304
305
305
304
305
304
304
304
304
305
305
304
306
304
304
304
305
304
305
305
304
305
304
304
304
304
304
304
304
304
304
304
304
306
304
304
304
304
304
304
304
305
304
305
304
305
304
304
304
305
305
304
304
304
304
304
304
304
304
304
304
304
304
305
304
304
305
304
304
304
304
304
304
304
304
305
304
305
304
304
304
300
305
309
296
301
291
310
309
309
304
300
305
304
304
305
304
305
305
304
304
304
304
304
305
304
310
301
295
287
310
283
322
268
263
258
253
244
235
236
239
236
234
228
223
238
217
216
209
203
204
206
209
212
211
209
197
193
191
194
193
196
191
192
191
189
192
195
189
183
177
179
173
171
169
168
167
164
162
164
162
180
163
156
155
162
145
137
135
136
133
125
123
119
116
121
140
132
133
139
101
97
95
92
88
86
84
85
83
81
75
74
72
71
70
66
65
64
62
61
63
59
57
58
55
54
52
52
51
50
45
44
44
43
42
42
41
40
40
40
39
38
39
41
41
42
42
45
46
47
49
52
60
63
62
65
69
71
75
78
82
90
95
102
135
135
165
119
122
131
135
140
140
140
144
152
165
161
161
165
165
174
174
175
179
183
195
209
214
222
249
224
224
227
236
242
237
236
235
237
236
239
240
242
242
243
245
244
244
243
241
240
242
243
244
253
239
235
240
222
214
219
204
192
186
187
173
167
169
164
163
159
156
155
143
133
128
124
118
113
107
101
95
95
91
88
88
89
86
84
82
74
72
67
65
63
62
61
60
59
58
58
53
52
52
53
52
51
50
45
45
47
45
46
45
46
47
48
49
54
57
64
61
65
68
66
70
73
78
82
87
88
93
99
98
104
112
119
132
152
146
146
152
174
165
171
170
174
180
180
204
197
204
220
221
223
233
235
230
231
240
242
246
252
261
278
276
261
259
258
259
262
260
260
261
263
263
263
263
265
259
262
258
277
270
265
249
239
235
234
233
240
226
211
195
191
185
180
170
176
166
159
157
150
143
155
130
119
114
107
99
94
89
85
79
75
77
72
69
64
62
54
52
50
46
44
43
45
44
42
41
38
38
38
37
35
36
34
34
37
36
34
34
38
36
39
40
34
33
33
32
36
34
37
37
32
29
32
37
32
33
33
32
32
32
32
32
32
32
32
32
32
32
32
32
32
32
31
32
31
32
36
35
36
36
36
36
35
36
36
36
36
35
36
40
41
41
38
29
32
36
45
50
46
48
58
58
3736
3736
3732
3730
3730
3732
162
58
63
78
82
60
58
47
48
45
45
51
99
163
163
3735
69
70
70
65
65
73
71
71
71
61
58
58
60
58
57
65
70
70
73
67
68
60
51
51
96
94
121
163
163
163
163
3736
3732
3731
3731
3732
3732
3731
3731
3731
3732
3731
3731
3732
3731
3731
3732
3732
3730
3730
3732
3732
3731
3731
3732
3732
3731
3731
3731
3731
3731
3732
3732
3731
3731
3732
3732
3731
3731
3732
3731
3731
3732
3732
3731
68
64
63
3720
3720
3732
3731
3731
3732
3732
3730
69
164
164
164
53
55
51
58
58
60
59
58
52
51
50
58
59
53
55
50
50
50
50
54
58
316
50
50
319
42
42
319
64
64
64
64
50
57
64
58
59
59
66
51
86
52
54
48
50
39
38
37
31
32
36
40
41
41
41
41
36
36
37
32
33
27
28
28
29
29
28
33
46
63
102
96
96
95
96
100
107
106
106
107
100
101
94
84
66
61
58
59
52
48
45
44
45
45
45
45
45
45
44
45
45
46
51
51
52
51
126
118
108
113
50
49
50
53
49
48
45
36
32
31
32
27
25
22
22
22
22
19
18
22
22
22
21
21
19
20
20
20
19
19
19
18
19
18
19
18
19
19
19
19
19
19
19
19
19
19
19
19
19
19
19
18
19
19
19
19
19
19
19
19
19
19
19
18
19
20
19
19
19
18
19
19
19
18
19
18
19
20
19
20
18
20
19
20
18
20
20
20
20
19
20
20
21
21
21
21
20
21
21
19
21
21
21
21
16
14
15
14
15
15
16
16
16
16
16
16
16
16
16
14
15
15
15
15
16
16
16
16
16
16
16
16
16
16
15
16
16
16
16
16
16
16
16
16
16
16
16
14
16
16
16
16
14
16
14
16
16
16
14
16
16
17
16
16
16
16
16
16
16
16
16
16
16
15
16
16
16
16
17
17
17
16
16
17
16
16
16
19
18
19
19
19
19
18
17
19
19
19
19
19
19
19
19
19
19
19
19
19
19
19
19
19
19
19
19
19
19
19
18
19
19
18
19
18
19
19
20
20
27
29
30
49
46
70
71
94
96
99
114
112
85
87
95
101
140
162
155
151
164
155
161
163
165
167
172
179
183
188
197
204
211
221
217
221
226
229
246
247
240
240
243
247
252
262
270
271
277
283
286
292
309
306
311
349
324
329
332
341
363
380
398
403
410
418
431
446
450
460
469
478
477
477
486
486
490
490
1233
545
557
557
1246
574
651
646
643
610
616
621
629
629
1233
1233
1233
1233
1229
1229
1224
782
790
790
1229
1229
1233
1229
1233
1233
1229
1233
1233
1233
1233
1233
1230
1233
1233
1229
1233
1229
822
815
815
815
815
817
813
812
811
810
809
814
808
813
813
809
809
808
807
807
807
807
807
808
806
806
810
810
810
811
807
807
807
808
810
810
813
813
1233
1233
1233
1233
1233
1234
1233
1233
1233
1233
1229
1233
1229
1233
1229
1233
1233
1229
1233
1229
1233
1233
1233
1233
1233
1229
1233
1233
1229
1233
1233
1237
1233
1233
1229
1230
1233
1233
1229
1229
1233
1233
1230
1229
1233
1233
802
1233
1242
1242
1237
1237
1237
1233
1233
1233
1242
1233
1233
1233
1233
1233
1242
1242
1237
1237
1233
1237
1242
1242
1234
1233
1233
1236
1233
1233
1237
1233
1233
1233
1233
1233
1237
1233
1233
1233
1233
1233
1237
1234
1233
1233
1233
1233
1233
1233
1233
1233
1233
1233
1233
1233
1237
1233
1233
1229
1233
1233
1233
1233
1229
1233
1229
1229
1229
1233
1229
1229
1233
1233
1233
1233
1233
1229
1233
1233
1229
1229
1228
1229
1229
1229
1233
1234
1233
1229
1233
1229
1228
1228
1233
1233
804
804
796
797
796
797
800
800
1233
1233
1233
1233
1233
1228
1228
1229
1228
1233
1233
1229
1228
1233
1230
1233
1233
1233
1228
1228
1233
1233
1233
1233
1233
1233
328
328
1233
327
327
1233
1233
1233
1233
1233
1233
1237
1233
1233
1237
1233
1233
1233
1233
1233
1233
1233
1229
1228
1233
1233
1233
1233
1228
1228
1228
1228
1228
1228
1232
1232
1233
1233
1233
1229
1228
1229
1233
1233
1229
1233
1233
1233
1229
1229
1233
1228
1228
1229
1228
1224
1233
1229
1228
1228
1228
1229
1228
1228
1228
1229
1228
1228
1228
1228
1233
1224
1228
1233
1233
1233
1233
1233
1233
1233
1233
1232
1228
1228
1228
1233
1228
1228
1229
1228
1228
1228
1233
1233
1228
1233
1233
1228
1228
1232
1233
1228
1228
1233
1228
1233
1233
1233
1233
1228
1233
1233
1233
1233
1232
1237
1233
1233
1233
1233
1234
1234
1233
1233
1233
1233
1233
1233
1233
1228
1233
1229
1233
1233
1228
1233
1233
1233
1233
1233
1228
1228
1228
1233
1233
1232
1228
1228
1228
1233
1233
1228
1228
1233
1233
1237
1233
1233
1233
1233
1237
1228
1228
1233
1233
1233
1233
1233
1232
1233
1232
1233
1234
1233
1233
1233
1233
1233
1233
1233
1237
1237
1233
1233
327
327
1237
1233
1233
1233
1237
1237
1233
1233
1233
1237
1242
1233
1233
1233
1233
1233
1233
1233
1233
1233
1233
1233
1233
1233
1233
1229
1233
1233
1233
1233
1233
1233
1228
1233
1229
1233
1233
1233
1233
1233
1233
1237
1233
1233
1233
1233
1228
1229
1233
1229
1233
1233
1233
1233
1228
1233
1228
1233
1228
1228
1233
1233
1233
1228
1228
1228
1233
1233
1233
1233
1233
1233
1233
1233
1237
1233
1233
1233
1233
1233
1233
1233
1233
1237
1233
1233
1233
1233
1233
1233
1233
1233
1233
1233
1233
1233
1237
1237
1233
1228
1233
1228
1233
1233
1233
1233
1233
1233
1233
1233
1233
1233
1233
1233
1229
1233
850
859
859
1233
1228
1228
1229
1233
1233
1233
1234
1237
1233
1229
1233
1224
1242
1228
1233
1233
1233
1233
1233
1229
1229
1229
1233
1233
1229
1229
1234
1233
1233
1233
1233
326
326
1233
478
478
1233
474
474
473
473
1233
486
486
1233
1233
482
482
1233
1229
1229
1233
1230
1230
1233
1233
1233
1233
1233
1233
1233
1229
1233
1233
1230
1229
1230
1233
1233
1233
1229
1233
1233
1233
1233
1233
1233
1233
1233
1233
1233
1233
1229
1229
1229
1233
1233
1229
1229
1229
1233
1233
1233
1233
1233
1233
1233
1233
1233
1229
1233
1233
1229
1229
1229
1229
1233
1233
1233
1233
1233
1233
1233
1229
1233
1233
1233
1233
1233
1233
1233
1233
1229
1233
1229
1229
1233
1229
1229
1233
1233
1229
1233
1229
1233
1233
1233
1233
1234
1233
1233
1233
1233
1233
1233
1233
1233
1233
1233
327
327
1233
1229
1233
1229
1229
1229
1229
1229
1229
1229
1229
1233
1233
1229
1229
1229
1233
1233
1233
1233
1233
1233
1233
1233
1233
1233
1233
1233
1233
1229
1233
1229
1233
1229
1229
1229
1233
1233
1229
1229
1229
1233
1233
1234
1229
1233
1233
1233
1233
1233
1229
1233
1233
1233
1233
1233
1233
1233
1233
1233
1233
1233
1233
1233
1233
1233
1233
1233
1233
1233
1233
1233
1233
1233
1229
1233
1233
1233
1233
1233
1233
1233
1233
1233
1237
1233
1233
1229
1229
1229
1229
1233
1233
1233
1233
1229
1229
1233
1233
1229
1233
1233
1233
1229
1229
1229
1229
1229
1233
1233
1229
1234
1229
1233
1233
1229
1229
1229
1229
1229
1229
1229
1229
1229
1233
1229
1229
1233
1229
1229
1233
1229
1229
1229
1233
1233
1233
1229
1233
1229
1229
1233
1233
1229
1229
1229
1229
1229
1229
1229
1229
1229
1229
1229
1233
1233
1229
1229
1229
1229
1229
1233
1233
1233
1233
1233
1233
1233
1229
1233
1233
1233
1233
1233
1229
1233
1233
1229
1233
1229
1229
1233
1233
1229
1230
1229
1229
1233
1229
1233
1229
1229
1229
1233
1233
1233
