162
162
162
162
162
162
162
162
162
162
162
162
162
162
162
162
162
162
162
162
162
162
162
162
162
162
162
162
162
162
162
162
162
162
162
162
158
158
158
158
158
158
161
161
161
161
161
161
159
159
159
159
159
158
158
158
158
158
158
158
162
162
162
162
162
162
162
162
162
162
162
162
162
162
162
162
162
162
162
162
162
162
164
164
164
164
164
164
163
163
163
163
163
165
165
165
165
165
165
163
163
163
163
163
163
163
168
168
168
168
168
164
164
164
164
164
164
170
170
170
170
170
168
168
168
168
168
168
173
173
173
173
173
173
175
175
175
175
175
175
177
177
177
177
177
177
179
179
179
179
179
179
180
180
180
180
180
180
181
181
181
181
181
183
183
183
183
183
183
185
185
185
185
185
185
186
186
186
186
186
188
188
188
188
188
188
193
193
193
193
193
193
192
192
192
192
192
199
199
199
199
199
199
197
197
197
197
197
197
204
204
204
204
204
204
200
200
200
200
200
200
208
208
208
208
208
208
205
205
205
205
205
205
205
207
207
207
207
207
207
209
209
209
209
209
209
211
211
211
211
211
213
213
213
213
213
213
213
213
213
213
213
213
216
216
216
216
216
216
218
218
218
218
218
218
219
219
219
219
219
219
221
221
221
221
221
221
221
223
223
223
223
223
223
225
225
225
225
225
225
222
222
222
222
222
222
229
229
229
229
229
226
226
226
226
226
226
228
228
228
228
228
228
229
229
229
229
229
229
231
231
231
231
231
231
233
233
233
233
233
235
235
235
235
235
235
235
235
235
235
235
239
239
239
239
239
239
239
239
239
239
239
239
239
242
242
242
242
242
242
244
244
244
244
244
244
245
245
245
245
245
245
246
246
246
246
246
246
246
246
246
246
246
246
247
247
247
247
247
250
250
250
250
250
250
252
252
252
252
252
252
252
253
253
253
253
253
253
253
253
253
253
253
253
254
254
254
254
254
254
256
256
256
256
256
256
257
257
257
257
257
257
258
258
258
258
258
258
258
258
258
258
258
260
260
260
260
260
260
263
263
263
263
263
263
265
265
265
265
265
265
265
265
265
265
265
267
267
267
267
267
267
268
268
268
268
268
268
270
270
270
270
270
270
272
272
272
272
272
274
274
274
274
274
274
276
276
276
276
276
276
278
278
278
278
278
278
281
281
281
281
281
281
281
281
281
281
281
283
283
283
283
283
283
284
284
284
284
284
284
284
284
284
284
284
284
288
288
288
288
288
288
290
290
290
290
290
290
293
293
293
293
293
293
295
295
295
295
295
298
298
298
298
298
298
299
299
299
299
299
302
302
302
302
302
302
304
304
304
304
304
304
304
307
307
307
307
307
310
310
310
310
310
310
314
314
314
314
314
317
317
317
317
317
317
317
321
321
321
321
321
321
324
324
324
324
324
327
327
327
327
327
327
329
329
329
329
329
329
332
332
332
332
332
332
335
335
335
335
335
335
335
335
335
335
335
335
338
338
338
338
338
338
338
339
339
339
339
339
342
342
342
342
342
342
343
343
343
343
343
343
346
346
346
346
346
346
349
349
349
349
349
349
349
350
350
350
350
350
350
353
353
353
353
353
353
355
355
355
355
355
355
356
356
356
356
356
356
359
359
359
359
359
359
362
362
362
362
362
362
365
365
365
365
365
365
368
368
368
368
368
370
370
370
370
370
370
374
374
374
374
374
374
375
375
375
375
375
375
379
379
379
379
379
379
382
382
382
382
382
385
385
385
385
385
385
388
388
388
388
388
388
390
390
390
390
390
390
390
390
390
390
390
390
391
391
391
391
391
390
390
390
390
390
390
391
391
391
391
391
391
391
391
391
391
391
391
391
391
391
391
391
391
391
391
391
391
391
391
391
391
391
391
391
391
392
392
392
392
392
392
393
393
393
393
393
393
393
393
393
393
393
393
393
393
393
393
393
393
392
392
392
392
392
392
393
393
393
393
393
393
393
393
393
393
393
393
393
393
393
393
393
393
393
393
393
393
393
392
392
392
392
392
392
393
393
393
393
393
393
393
393
393
393
393
393
393
393
393
393
393
393
393
393
393
393
393
393
393
393
393
393
393
393
393
393
393
393
393
393
393
393
393
393
393
393
393
393
393
393
393
393
393
393
393
393
393
392
392
392
392
392
392
392
392
392
392
392
392
390
390
390
390
390
390
389
389
389
389
389
388
388
388
388
388
388
386
386
386
386
386
386
385
385
385
385
385
385
382
382
382
382
382
382
382
381
381
381
381
381
378
378
378
378
378
378
375
375
375
375
375
374
374
374
374
374
374
371
371
371
371
371
371
371
369
369
369
369
369
