50
50
50
50
50
50
50
50
50
50
50
50
50
50
50
50
50
50
50
50
50
50
46
46
46
46
46
46
50
50
50
50
50
50
50
50
50
50
50
50
50
50
50
50
50
50
50
50
50
50
50
50
49
49
49
49
49
49
50
50
50
50
50
50
50
50
50
50
50
50
50
50
50
50
50
50
46
46
46
46
46
46
46
47
47
47
47
47
49
49
49
49
49
49
49
54
54
54
54
54
54
58
58
58
58
58
58
82
82
82
82
82
82
142
142
142
142
142
142
161
161
161
161
161
161
223
223
223
223
223
223
249
249
249
249
249
249
249
301
301
301
301
301
301
335
335
335
335
335
335
367
367
367
367
367
367
354
354
354
354
354
354
319
319
319
319
319
319
264
264
264
264
264
264
239
239
239
239
239
239
239
168
168
168
168
168
168
152
152
152
152
152
152
88
88
88
88
88
88
59
59
59
59
59
59
53
53
53
53
53
53
69
69
69
69
69
69
102
102
102
102
102
102
152
152
152
152
152
152
189
189
189
189
189
189
189
236
236
236
236
236
236
274
274
274
274
274
274
319
319
319
319
319
319
359
359
359
359
359
359
393
393
393
393
393
393
381
381
381
381
381
381
381
341
341
341
341
341
341
291
291
291
291
291
291
247
247
247
247
247
247
226
226
226
226
226
226
189
189
189
189
189
189
164
164
164
164
164
164
128
128
128
128
128
128
94
94
94
94
94
94
94
94
94
