228, 18745
228, 18762
228, 18778
221, 18795
221, 18812
221, 18829
227, 18845
228, 18861
228, 18879
222, 18895
227, 18912
222, 18929
228, 18945
228, 18962
228, 18979
228, 18995
228, 19012
227, 19028
227, 19046
228, 19062
228, 19079
228, 19095
228, 19112
228, 19129
227, 19145
228, 19163
221, 19180
228, 19196
228, 19213
227, 19229
228, 19245
228, 19262
228, 19280
228, 19296
227, 19312
228, 19329
228, 19345
222, 19361
228, 19379
227, 19396
222, 19412
228, 19429
221, 19446
227, 19462
228, 19479
221, 19495
227, 19512
222, 19528
228, 19545
228, 19563
227, 19579
228, 19595
228, 19612
222, 19629
228, 19646
228, 19662
227, 19679
227, 19696
221, 19713
228, 19729
222, 19746
222, 19763
228, 19780
228, 19796
228, 19813
227, 19828
228, 19846
222, 19862
228, 19879
228, 19895
228, 19912
221, 19929
227, 19946
221, 19962
227, 19978
228, 19996
222, 20013
228, 20028
228, 20046
