3737
3737
3737
3737
3737
3737
3737
3737
3737
3737
3737
3737
3737
3737
3736
3736
3736
3736
3736
3736
3736
3736
3737
3737
3737
3737
3737
3737
3737
3737
3737
3737
3737
3737
3737
3737
3736
3736
3736
3736
3736
3736
3736
3737
3737
3737
3737
3737
3737
3737
320
320
320
320
320
320
303
303
303
303
303
303
277
277
277
277
277
277
266
266
266
266
266
266
277
277
277
277
277
277
277
273
273
273
273
273
273
280
280
280
280
280
280
278
278
278
278
278
278
276
276
276
276
276
276
270
270
270
270
270
270
272
272
272
272
272
272
272
272
272
272
272
272
272
270
270
270
270
270
270
265
265
265
265
265
265
271
271
271
271
271
271
276
276
276
276
276
276
289
289
289
289
289
289
306
306
306
306
306
306
330
330
330
330
330
330
330
353
353
353
353
353
353
353
3736
3736
3736
3736
3736
3736
380
380
380
380
380
380
380
380
3737
3737
3737
3737
3737
3737
3737
3737
3737
3737
3737
3737
3737
3737
3736
3736
3736
3736
3736
3736
3736
409
409
409
409
409
409
410
410
410
410
410
410
405
405
405
405
405
405
390
390
390
390
390
390
380
380
380
380
380
380
380
381
381
381
381
381
381
395
395
395
395
395
395
408
408
408
408
408
408
408
3736
3736
3736
3736
3736
3736
3736
429
429
429
429
429
429
448
448
448
448
448
448
461
461
461
461
461
461
473
473
473
473
473
473
489
489
489
489
489
489
489
508
508
508
508
508
508
518
518
518
518
518
518
522
522
522
522
522
522
522
552
552
552
552
552
552
510
510
510
510
510
510
507
507
507
507
507
507
476
476
476
476
476
476
522
522
522
522
522
522
522
522
3737
3737
3737
3737
3737
3737
473
473
473
473
473
473
396
396
396
396
396
396
339
339
339
339
339
339
339
282
282
282
282
282
282
231
231
231
231
231
231
187
187
187
187
187
187
146
146
146
146
146
146
116
116
116
116
116
116
69
69
69
69
69
69
45
45
45
45
45
45
37
37
37
37
37
37
28
28
28
28
28
28
28
28
28
28
28
28
28
28
28
28
28
28
57
57
57
57
57
57
57
115
115
115
115
115
115
174
174
174
174
174
174
240
240
240
240
240
240
292
292
292
292
292
292
345
345
345
345
345
345
410
410
410
410
410
410
410
466
466
466
466
466
466
488
488
488
488
488
488
492
492
492
492
492
492
494
494
494
494
494
494
490
490
490
